name: [elbow_joint, shoulder_lift_joint, shoulder_pan_joint, wrist_1_joint, wrist_2_joint, wrist_3_joint]

position: [3.505603099274168e-05, -1.570742081039028, 8.133277114463766e-05, -1.5707067985749745, -1.869446617064341e-05, 9.633736399461412e-05]

position: [0.065433177388595, 0.09587572848376436, 1.4370617187806394, -1.801468724877088, -1.514279950925797, 0.07365894278801388]

position: [0.5177229597175685, -0.18728529912979752, -0.014777875094355686, -1.7870173854251608, -1.5465199872573914, -0.0017761736029182629]

position: [0.2441253992563679, -0.06339443557297031, 0.07212377222084587, -1.6397555062086573, -1.5366779485497304, 0.08469234453434904]

position: [0.065433177388595, 0.09587572848376436, 1.4370617187806394, -1.801468724877088, -1.514279950925797, 0.07365894278801388]

position: [0.056294497950882594, 0.4054955055644607, 1.3010533512045575, -2.0306754386172905, -1.6058396694088906, -1.7168479086174244]

position: [0.4431106498798991, -0.17039400578677188, -0.013475121343455854, -1.8833240796422537, -1.5272734347729626, 0.02930167434691633]

position: [0.5663638322348605, -0.20687835805975485, -0.08471905281137992, -1.9445044017461406, -1.0427860228086452, -0.048257056580383484]

position: [0.12058728729265145, -0.01403314840714387, 0.055035623401773925, -1.6726743623599312, -1.9883946406685657, 0.10691118817473733]

position: [0.7416960797409455, -0.20121573871240006, -0.0040192649421495474, -2.5897423940875397, -1.588283764355654, 0.03448477590859955]

position: [0.14207740905147848, -0.05311343543751157, -0.01036633203690318, -1.5800734136446453, -1.5679398683327985, 0.032281805288780774]

position: [-0.24038239588294097, -0.3172340910461777, 0.35687346138767584, -1.541959949374295, -1.642023194088587, 1.9420099164006128]
